src/data/earth_wind.json
{"header": { "nx": 67, "ny": 82, "lo1": 123.89819026492098, "la1": 39.35193356760502, "dx": 0.10773935065049045, "dy": -0.08330189123418563, "surface1Type": 100, "surface1Value": 100000.0, "forecastTime": 6, "scanMode": 0, "parameterCategory": 2, "parameterNumber": 2 }, "data":
[rows 38 to 56 of 82, columns 0 to 42 of 67]
-0.6068379878997803,-0.5552322268486023,-0.5046865344047546,-0.4537310004234314,-0.4012206494808197,-0.3461703360080719,-0.2877101004123688,-0.22510138154029846,-0.15771692991256714,-0.08508487045764923,-0.005259789992123842,0.08673268556594849,0.19210213422775269,0.3062114715576172,0.42385169863700867,0.5399380922317505,0.6494306921958923,0.7475379109382629,0.8296807408332825,0.881808876991272,0.8839346170425415,0.8394383788108826,0.7722302675247192,0.6985995769500732,0.8192832469940186,1.3398406505584717,1.4409955739974976,1.1360849142074585,0.8626837134361267,0.5936775803565979,0.5582224130630493,0.590050220489502,0.7095341086387634,0.7976357936859131,0.7445621490478516,0.6142596006393433,0.5345196723937988,0.529213011264801,0.5157593488693237,0.49734437465667725,0.4757561683654785,0.4198739528656006,0.3450689911842346
-0.6633873581886292,-0.6085625290870667,-0.5601066946983337,-0.5152335166931152,-0.4715507924556732,-0.42679479718208313,-0.37879806756973267,-0.3254839777946472,-0.26486116647720337,-0.1951325684785843,-0.11293452978134155,-0.01290265005081892,0.10522212833166122,0.23540103435516357,0.3710501194000244,0.5056887269020081,0.6328743100166321,0.7467987537384033,0.8420349359512329,0.9021139740943909,0.9050316214561462,0.8554198741912842,0.7787659764289856,0.692581057548523,0.6813798546791077,0.834120512008667,0.9681180119514465,0.8505752086639404,0.5961969494819641,0.4699629247188568,0.4790782034397125,0.6374742984771729,0.8771741390228271,0.9130078554153442,0.7212181091308594,0.5562836527824402,0.5328829288482666,0.5296396613121033,0.5242557525634766,0.5250537991523743,0.521035373210907,0.519402801990509,0.4646090865135193
-0.7140125036239624,-0.6570410132408142,-0.6103108525276184,-0.5701040625572205,-0.5331345796585083,-0.4962145686149597,-0.45620304346084595,-0.4100451171398163,-0.3547353446483612,-0.28740426898002625,-0.20363816618919373,-0.09776291251182556,0.02971816435456276,0.17169570922851562,0.3206133246421814,0.4689387083053589,0.6090786457061768,0.7337226271629333,0.8356823921203613,0.8993214964866638,0.9041052460670471,0.8524791598320007,0.7683624029159546,0.6714737415313721,0.5828571915626526,0.5398387908935547,0.5355996489524841,0.49205026030540466,0.41331008076667786,0.39560452103614807,0.4782869219779968,0.6892024874687195,0.9746793508529663,0.9485026597976685,0.7237871885299683,0.5931087136268616,0.5334177017211914,0.4671238660812378,0.40510430932044983,0.5109258890151978,0.6239271759986877,0.6694592237472534,0.602173924446106
-0.7580766081809998,-0.70008385181427,-0.6545122861862183,-0.6171850562095642,-0.5843080878257751,-0.5521544814109802,-0.5170331001281738,-0.4752933084964752,-0.423321396112442,-0.35764092206954956,-0.273141473531723,-0.16394537687301636,-0.031038716435432434,0.11783869564533234,0.2744724154472351,0.4305950999259949,0.5779868364334106,0.7084167003631592,0.813591718673706,0.8772991299629211,0.8775253295898438,0.8148192167282104,0.7141878604888916,0.6015205383300781,0.5143707990646362,0.45198869705200195,0.390092670917511,0.335652232170105,0.2958771884441376,0.2776048481464386,0.28168654441833496,0.47284549474716187,0.8197639584541321,0.9531756043434143,0.7953392267227173,0.6431914567947388,0.5405377149581909,0.3757144808769226,0.3504312336444855,0.5523104667663574,0.7524867057800293,0.7491416335105896,0.6383180618286133
-0.7944492697715759,-0.7370684146881104,-0.69343501329422,-0.6591072678565979,-0.6299735307693481,-0.6019508838653564,-0.5710033178329468,-0.5330963730812073,-0.4842163324356079,-0.42049601674079895,-0.3364221751689911,-0.22606134414672852,-0.0906962975859642,0.06149826571345329,0.22187454998493195,0.38176071643829346,0.5324581265449524,0.6653196811676025,0.7716528177261353,0.8323754668235779,0.8196123242378235,0.7321327328681946,0.6102039217948914,0.5148981213569641,0.44492873549461365,0.36872610449790955,0.2945404350757599,0.23064884543418884,0.18537992238998413,0.16704298555850983,0.17762739956378937,0.3538212776184082,0.71840500831604,0.9045178294181824,0.8181953430175781,0.6894554495811462,0.5405454039573669,0.38112443685531616,0.340477854013443,0.44778677821159363,0.7349801063537598,0.8944655656814575,0.8102235794067383
-0.8242364525794983,-0.7688131928443909,-0.7279042601585388,-0.6969367265701294,-0.6716263890266418,-0.6476748585700989,-0.6208017468452454,-0.5867640376091003,-0.5412898659706116,-0.48028069734573364,-0.3979349434375763,-0.28830334544181824,-0.1529245227575302,-0.00022046836966183037,0.16086973249912262,0.3214190602302551,0.4725058078765869,0.6051706671714783,0.7104908227920532,0.7671331167221069,0.7422821521759033,0.6320047974586487,0.5188301205635071,0.43951651453971863,0.3560347855091095,0.2668549120426178,0.18145281076431274,0.1093715950846672,0.060228586196899414,0.04361666366457939,0.10685916990041733,0.35663309693336487,0.6693710088729858,0.8132996559143066,0.8371950387954712,0.7878206372261047,0.6547350287437439,0.5633091330528259,0.5948107242584229,0.6805750131607056,0.968667209148407,1.1182011365890503,1.0182210206985474
-0.8490197062492371,-0.7966251969337463,-0.7590451240539551,-0.7317190170288086,-0.7102625966072083,-0.6902942657470703,-0.6674324870109558,-0.6372868418693542,-0.5954759120941162,-0.5378073453903198,-0.4582861065864563,-0.3509945571422577,-0.21766139566898346,-0.06681590527296066,0.09246105700731277,0.2511500120162964,0.40020278096199036,0.5305102467536926,0.6330506205558777,0.684963583946228,0.649559736251831,0.5349873900413513,0.42829158902168274,0.3476981818675995,0.2514137327671051,0.1475454419851303,0.054665472358465195,-0.0243137888610363,-0.0759446993470192,-0.04507661238312721,0.15227967500686646,0.39907106757164,0.5878239870071411,0.7998852133750916,0.9083231687545776,0.8813683986663818,0.8204761743545532,0.8783619403839111,1.0061231851577759,1.1120038032531738,1.2292066812515259,1.2504078149795532,1.2596396207809448
-0.8703662157058716,-0.8217678666114807,-0.7879660129547119,-0.7644662857055664,-0.7468906044960022,-0.730842649936676,-0.7119159698486328,-0.6857000589370728,-0.6477696895599365,-0.593909502029419,-0.5180690288543701,-0.41442781686782837,-0.2848196029663086,-0.13775789737701416,0.017708465456962585,0.17249003052711487,0.31754544377326965,0.4438408613204956,0.5423049330711365,0.5889814496040344,0.5458239912986755,0.43762683868408203,0.3350943326950073,0.24286089837551117,0.20463091135025024,0.12064243853092194,-0.0505719818174839,-0.16658857464790344,-0.21944595873355865,-0.143842875957489,0.07413439452648163,0.2586054503917694,0.41892585158348083,0.6999267339706421,0.9488380551338196,1.0032368898391724,1.0706490278244019,1.1538138389587402,1.1903318166732788,1.2526606321334839,1.3086055517196655,1.4232412576675415,1.5441645383834839
-0.889765739440918,-0.8454976677894592,-0.8157668113708496,-0.7962018847465515,-0.782493531703949,-0.7702943682670593,-0.7552481889724731,-0.732974648475647,-0.6990755796432495,-0.6494032144546509,-0.5779135823249817,-0.4789033830165863,-0.3542768657207489,-0.212458074092865,-0.062382183969020844,0.08698859065771103,0.22666648030281067,0.3476939797401428,0.4411347210407257,0.4825797975063324,0.43228060007095337,0.32944798469543457,0.23157097399234772,0.1286010891199112,0.009619590826332569,-0.11295101791620255,-0.22450712323188782,-0.2961794137954712,-0.24434919655323029,-0.10142219066619873,0.01844928041100502,0.09367723017930984,0.1785181611776352,0.4128839671611786,0.8060815930366516,1.0958118438720703,1.1373603343963623,1.1555216312408447,1.340692162513733,1.775864839553833,1.7986335754394531,1.6041096448898315,1.7593075037002563
-0.9087318778038025,-0.8690540194511414,-0.8435308933258057,-0.8279491066932678,-0.8180811405181885,-0.8096673488616943,-0.7984384894371033,-0.7800982594490051,-0.750350832939148,-0.7050966620445251,-0.6383747458457947,-0.5446879863739014,-0.42593255639076233,-0.29034915566444397,-0.14674100279808044,-0.003895498812198639,0.1294330209493637,0.24442918598651886,0.3324407637119293,0.3691399097442627,0.31217819452285767,0.2137448638677597,0.12092478573322296,0.008296675980091095,-0.12024495750665665,-0.2507207691669464,-0.3401241600513458,-0.32641905546188354,-0.25810936093330383,-0.2182157188653946,-0.19264526665210724,-0.15320095419883728,-0.06329669058322906,0.21938441693782806,0.7227734923362732,1.2038756608963013,1.4334181547164917,1.4825541973114014,1.5771549940109253,1.9369205236434937,2.044135570526123,1.81025230884552,1.8794716596603394
-0.9286994934082031,-0.8936537504196167,-0.8723528385162354,-0.8607131838798523,-0.8546285629272461,-0.849942684173584,-0.8424931764602661,-0.8280856013298035,-0.8024939298629761,-0.76177579164505,-0.7000686526298523,-0.6120628118515015,-0.4996829032897949,-0.37095120549201965,-0.2344100922346115,-0.09862136095762253,0.02786875143647194,0.13648101687431335,0.2190065085887909,0.25243547558784485,0.19254858791828156,0.09727310389280319,0.006432278081774712,-0.11453458666801453,-0.25118017196655273,-0.38867151737213135,-0.4657819867134094,-0.4909812808036804,-0.528721809387207,-0.5544910430908203,-0.5205144882202148,-0.4036465883255005,-0.22032015025615692,0.19618983566761017,0.9167506694793701,1.3255867958068848,1.6462687253952026,2.069265604019165,2.265061855316162,2.0972609519958496,1.940105676651001,2.038438320159912,2.2409112453460693
-0.9510967135429382,-0.920497715473175,-0.9032910466194153,-0.8955076932907104,-0.8931423425674438,-0.8921298384666443,-0.8884144425392151,-0.8778843283653259,-0.8564435839653015,-0.820222795009613,-0.7635037302970886,-0.6812408566474915,-0.5753809809684753,-0.45364272594451904,-0.3243176341056824,-0.19569654762744904,-0.07607853412628174,0.026206335052847862,0.10300611704587936,0.13230997323989868,0.0790782943367958,-0.011828834190964699,-0.10865752398967743,-0.23641465604305267,-0.37954652309417725,-0.5133377313613892,-0.6242455244064331,-0.7211117148399353,-0.7833980917930603,-0.7568982839584351,-0.6661602258682251,-0.5139743089675903,-0.2592059373855591,0.20442582666873932,0.9628249406814575,1.4752699136734009,1.935716986656189,2.367288827896118,2.254575729370117,2.0943713188171387,2.111372709274292,2.057162046432495,2.021135091781616
-0.9773324728012085,-0.950774073600769,-0.9374110102653503,-0.9333322644233704,-0.9346020817756653,-0.9372246861457825,-0.9371969103813171,-0.9304925799369812,-0.9130784273147583,-0.8811859488487244,-0.8292446136474609,-0.752472460269928,-0.65285724401474,-0.5378640294075012,-0.4154667556285858,-0.29368719458580017,-0.18057017028331757,-0.08408360928297043,-0.012367202900350094,0.01283121109008789,-0.03370351344347,-0.11939921230077744,-0.22111323475837708,-0.3539639711380005,-0.499645471572876,-0.6466761231422424,-0.7777833342552185,-0.8731455206871033,-0.8700512051582336,-0.8501724600791931,-0.7970788478851318,-0.5818251967430115,-0.27417561411857605,0.10837503522634506,0.6693139672279358,1.4282636642456055,2.0370261669158936,2.162503480911255,1.9870619773864746,1.8525066375732422,1.9077801704406738,2.043626308441162,2.3592357635498047
-1.008742094039917,-0.9856458306312561,-0.9757749438285828,-0.9752053022384644,-0.9800075888633728,-0.9862214922904968,-0.989845335483551,-0.9868876934051514,-0.9733380675315857,-0.945476770401001,-0.8978427648544312,-0.825998842716217,-0.7320213913917542,-0.6230769157409668,-0.5068550705909729,-0.3911360204219818,-0.28367331624031067,-0.1922508031129837,-0.12395291775465012,-0.0971790999174118,-0.13850893080234528,-0.22282692790031433,-0.32767385244369507,-0.46363136172294617,-0.6141243577003479,-0.7627376914024353,-0.8923599720001221,-0.9345168471336365,-0.9466527104377747,-0.9951404333114624,-0.9293880462646484,-0.6866508722305298,-0.35544899106025696,0.04877917096018791,0.6429005265235901,1.2286486625671387,1.7595789432525635,2.0322258472442627,1.9104182720184326,1.862644910812378,1.9864341020584106,2.327544689178467,2.8254551887512207
-1.0466680526733398,-1.0262519121170044,-1.0194011926651,-1.0220972299575806,-1.0303367376327515,-1.0400900840759277,-1.0473315715789795,-1.0480005741119385,-1.0380703210830688,-1.0137888193130493,-0.9697858691215515,-0.9020029902458191,-0.8126416206359863,-0.7086494565010071,-0.597495973110199,-0.48662418127059937,-0.383571058511734,-0.29592764377593994,-0.2301016002893448,-0.20148175954818726,-0.23753298819065094,-0.3190876245498657,-0.4251110255718231,-0.5620291233062744,-0.7130709290504456,-0.8613675236701965,-0.9319953918457031,-0.9803387522697449,-1.0386933088302612,-1.063902497291565,-0.9970519542694092,-0.7603673934936523,-0.40276676416397095,0.0520467683672905,0.6171907186508179,1.2033765316009521,1.5299807786941528,1.551264762878418,1.6226509809494019,1.8509318828582764,2.2713229656219482,2.8086740970611572,3.042107343673706
-1.0926002264022827,-1.0740169286727905,-1.0696808099746704,-1.0754022598266602,-1.0870040655136108,-1.1003117561340332,-1.1111533641815186,-1.1153388023376465,-1.108709454536438,-1.0873854160308838,-1.0460789203643799,-0.9811307191848755,-0.8949946761131287,-0.7944464087486267,-0.6866997480392456,-0.5790421962738037,-0.4787912666797638,-0.3932882249355316,-0.3286408483982086,-0.2997312545776367,-0.33035123348236084,-0.4056333303451538,-0.5106930136680603,-0.6462412476539612,-0.7954343557357788,-0.9414383769035339,-1.012657880783081,-1.056300163269043,-1.1039204597473145,-1.1086336374282837,-1.0295805931091309,-0.7910100817680359,-0.40294837951660156,-0.0035826319362968206,0.2881755530834198,0.5593612194061279,0.8995736241340637,1.2548021078109741,1.57611083984375,1.941597819328308,2.3545916080474854,2.6785645484924316,2.9055936336517334
-1.1469438076019287,-1.1297906637191772,-1.1278752088546753,-1.1367077827453613,-1.1518871784210205,-1.1690007448196411,-1.1836721897125244,-1.1915218830108643,-1.1881608963012695,-1.1694716215133667,-1.1302039623260498,-1.0673638582229614,-0.983559787273407,-0.88504958152771,-0.7795317769050598,-0.6738197803497314,-0.5750643014907837,-0.4903895854949951,-0.42473679780960083,-0.39001184701919556,-0.41481319069862366,-0.48689785599708557,-0.5900376439094543,-0.7216068506240845,-0.8663201332092285,-1.0075868368148804,-1.1288032531738281,-1.214807391166687,-1.2470303773880005,-1.2084318399429321,-1.0695360898971558,-0.810029149055481,-0.4744274914264679,-0.19313274323940277,0.10376577079296112,0.4871666133403778,0.8689805269241333,1.2451547384262085,1.8420617580413818,2.2315099239349365,2.2029049396514893,2.2315621376037598,2.3175199031829834
-1.2080717086791992,-1.192110538482666,-1.1925301551818848,-1.2045469284057617,-1.2234667539596558,-1.2446151971817017,-1.2633225917816162,-1.274948239326477,-1.2748600244522095,-1.2586737871170044,-1.22035813331604,-1.1573854684829712,-1.0750471353530884,-0.9805440306663513,-0.8783074617385864,-0.7730375528335571,-0.6745650172233582,-0.589794933795929,-0.5229138135910034,-0.4848496913909912,-0.4993129372596741,-0.5646047592163086,-0.6663634777069092,-0.7915301322937012,-0.9293181896209717,-1.0634738206863403,-1.1778132915496826,-1.2411456108093262,-1.2437573671340942,-1.1865289211273193,-1.056670069694519,-0.8708400726318359,-0.6205706596374512,-0.2952861189842224,0.07043280452489853,0.452441930770874,0.8328125476837158,1.23388671875,1.9344710111618042,2.3995022773742676,2.2273521423339844,2.152177572250366,2.277540445327759
-1.2744206190109253,-1.2594609260559082,-1.262172818183899,-1.2774219512939453,-1.3001816272735596,-1.325457215309143,-1.348301649093628,-1.3637771606445312,-1.3669382333755493,-1.3530687093734741,-1.314976453781128,-1.2509139776229858,-1.1653980016708374,-1.0672849416732788,-0.9665470123291016,-0.8677855730056763,-0.7753242254257202,-0.6894745826721191,-0.6194117069244385,-0.5810717344284058,-0.5906844139099121,-0.6471372246742249,-0.740261435508728,-0.8569446206092834,-0.98557049036026,-1.1105097532272339,-1.2066642045974731,-1.2665003538131714,-1.274533987045288,-1.2059017419815063,-1.1016871929168701,-0.9275719523429871,-0.6510805487632751,-0.32365092635154724,0.03710680082440376,0.41364195942878723,0.7885067462921143,1.1442418098449707,1.4900732040405273,1.8012720346450806,1.9795736074447632,2.0926930904388428,2.2174417972564697
