src/data/earth_wind.json
{"header": { "nx": 67, "ny": 82, "lo1": 123.89819026492098, "la1": 39.35193356760502, "dx": 0.10773935065049045, "dy": -0.08330189123418563, "surface1Type": 100, "surface1Value": 100000.0, "forecastTime": 6, "scanMode": 0, "parameterCategory": 2, "parameterNumber": 3 }, "data":
[rows 57 to 75 of 82, columns 0 to 43 of 67]
7.293440341949463,7.251007080078125,7.209763526916504,7.168630123138428,7.127044200897217,7.084321022033691,7.03994607925415,6.9936933517456055,6.945107460021973,6.894106388092041,6.842955112457275,6.826120376586914,6.801511287689209,6.919843673706055,7.022669792175293,6.792306900024414,6.634591102600098,6.569735527038574,6.560723304748535,6.479459285736084,6.007658004760742,5.352973461151123,5.035562515258789,4.675560474395752,4.292496204376221,3.9061546325683594,3.6657416820526123,3.2476391792297363,2.9369916915893555,2.765255928039551,2.6068859100341797,2.587402582168579,2.64113712310791,2.7479355335235596,2.887647867202759,3.040431022644043,3.186530590057373,3.3065078258514404,3.3811724185943604,3.3917038440704346,3.3210318088531494,3.17250919342041,2.964545965194702,2.715717077255249
7.221710681915283,7.177754878997803,7.139455318450928,7.1045026779174805,7.071131229400635,7.037464618682861,7.001764297485352,6.9625563621521,6.9182844161987305,6.8675994873046875,6.810478687286377,6.758864879608154,6.709595680236816,6.754703521728516,6.789280891418457,6.610693454742432,6.47597074508667,6.398777484893799,6.329716682434082,6.217348575592041,5.873703956604004,5.401116371154785,5.2082695960998535,4.702104568481445,4.3780951499938965,4.09660005569458,3.961691379547119,3.487506866455078,3.250737190246582,3.0790820121765137,2.981158494949341,2.9590487480163574,2.997049570083618,3.078251838684082,3.185767889022827,3.303058624267578,3.413618326187134,3.5012941360473633,3.550222158432007,3.5448882579803467,3.4709134101867676,3.329064130783081,3.1350677013397217,2.905263662338257
7.150884628295898,7.1056694984436035,7.070525646209717,7.041998386383057,7.017038822174072,6.992501735687256,6.965489387512207,6.933281898498535,6.893084526062012,6.842317581176758,6.776949882507324,6.706331729888916,6.641191005706787,6.585585117340088,6.52541971206665,6.415798187255859,6.310798645019531,6.210390090942383,6.095697402954102,5.966149806976318,5.753996849060059,5.630067825317383,5.605081081390381,4.84740686416626,4.4597249031066895,4.650658130645752,4.255305767059326,3.76082706451416,3.57909893989563,3.4411234855651855,3.357560396194458,3.3325226306915283,3.3540663719177246,3.408581018447876,3.4826231002807617,3.5630195140838623,3.636610507965088,3.690666913986206,3.7127137184143066,3.690591335296631,3.612773895263672,3.4775173664093018,3.297830104827881,3.0875933170318604
7.081477165222168,7.035342216491699,7.00346565246582,6.98131799697876,6.964585781097412,6.9489288330078125,6.930306911468506,6.904772758483887,6.868268013000488,6.8170013427734375,6.744917869567871,6.661644458770752,6.576704502105713,6.476972579956055,6.36782693862915,6.256951332092285,6.142806053161621,6.022427558898926,5.89567232131958,5.773257255554199,5.6407318115234375,5.662919998168945,5.567605972290039,4.8472442626953125,4.53485631942749,4.898784637451172,4.559266090393066,4.030831336975098,3.8978271484375,3.793107032775879,3.7237043380737305,3.695725679397583,3.7007875442504883,3.728663444519043,3.7693283557891846,3.812878131866455,3.849579334259033,3.870002031326294,3.865027904510498,3.8258206844329834,3.743662118911743,3.6145973205566406,3.4507744312286377,3.2649662494659424
7.014054775238037,6.96732759475708,6.938739776611328,6.922634124755859,6.913563251495361,6.906227111816406,6.895354747772217,6.875866413116455,6.842944622039795,6.790579319000244,6.7126145362854,6.6149091720581055,6.506338119506836,6.384254455566406,6.250370025634766,6.114485263824463,5.97845983505249,5.843613624572754,5.71274995803833,5.607388973236084,5.489817142486572,5.369561672210693,5.105134963989258,4.717857837677002,4.601459980010986,4.6280598640441895,4.607271671295166,4.2829670906066895,4.196175575256348,4.123158931732178,4.067378520965576,4.036549091339111,4.025826454162598,4.028222560882568,4.036890506744385,4.04516077041626,4.046464920043945,4.034576416015625,4.003493785858154,3.9475178718566895,3.8699517250061035,3.7497730255126953,3.601369619369507,3.435490846633911
6.949151992797852,6.902202129364014,6.876697063446045,6.86605978012085,6.86384391784668,6.86384916305542,6.859766483306885,6.845454692840576,6.8155388832092285,6.763220310211182,6.70306921005249,6.603126525878906,6.447091102600098,6.29225492477417,6.137342929840088,5.979274272918701,5.823821067810059,5.675989151000977,5.5406928062438965,5.439006328582764,5.30900764465332,5.1085357666015625,4.880897045135498,4.71995735168457,4.659130573272705,4.693880081176758,4.554653644561768,4.5081377029418945,4.463518142700195,4.4195380210876465,4.376314163208008,4.342892169952393,4.317764759063721,4.296865940093994,4.276270389556885,4.252244472503662,4.221127986907959,4.179561614990234,4.1309309005737305,4.073119163513184,3.9967172145843506,3.8804636001586914,3.7407424449920654,3.5850069522857666
6.887331962585449,6.840508937835693,6.817677021026611,6.811677932739258,6.815169334411621,6.821199417114258,6.822636604309082,6.812409400939941,6.784159183502197,6.735507011413574,6.750335216522217,6.67803955078125,6.418663024902344,6.20630407333374,6.032060146331787,5.855130195617676,5.683534622192383,5.524600982666016,5.385623455047607,5.277526378631592,5.160341262817383,5.021641731262207,4.906937599182129,4.803127765655518,4.810239791870117,4.977007865905762,4.80026388168335,4.697515964508057,4.689363956451416,4.670529842376709,4.638212203979492,4.602634906768799,4.565108299255371,4.524130821228027,4.485599040985107,4.448239326477051,4.399888515472412,4.338759899139404,4.27177619934082,4.2005534172058105,4.108429908752441,3.98799991607666,3.851435422897339,3.704164981842041
6.8286919593811035,6.782302379608154,6.761675834655762,6.75917911529541,6.7668609619140625,6.777240753173828,6.782612323760986,6.775294303894043,6.7479448318481445,6.70153284072876,6.766411304473877,6.711313724517822,6.381188869476318,6.128044128417969,5.938042640686035,5.746503829956055,5.562656402587891,5.395289897918701,5.253277778625488,5.144672870635986,5.058325290679932,4.992634296417236,4.9585981369018555,4.94666051864624,5.004007339477539,5.150951385498047,5.08714485168457,4.989152431488037,5.013494968414307,5.017354965209961,4.968211650848389,4.924383640289307,4.884045600891113,4.824606895446777,4.751475811004639,4.680179119110107,4.599070072174072,4.506448268890381,4.4054388999938965,4.299478054046631,4.189242362976074,4.064537048339844,3.9296915531158447,3.788287401199341
6.771700859069824,6.726100444793701,6.707129955291748,6.70681619644165,6.717049598693848,6.729856967926025,6.73738956451416,6.731614112854004,6.704980850219727,6.654099464416504,6.65764856338501,6.567928791046143,6.292562007904053,6.0575785636901855,5.856348991394043,5.655176639556885,5.463324069976807,5.290700912475586,5.147125244140625,5.042423248291016,4.978854179382324,4.957424640655518,4.976777076721191,5.026374816894531,5.099316596984863,5.201969146728516,5.2600507736206055,5.293025493621826,5.343286037445068,5.369936943054199,5.313218593597412,5.252589702606201,5.194890975952148,5.109187602996826,4.99365758895874,4.872249603271484,4.746110916137695,4.615212440490723,4.483603477478027,4.355425834655762,4.233087539672852,4.104856967926025,3.9704623222351074,3.8321571350097656
6.7145795822143555,6.6701154708862305,6.652237892150879,6.652980327606201,6.664167404174805,6.67777681350708,6.68576717376709,6.680121421813965,6.653389930725098,6.5969648361206055,6.521190643310547,6.3905487060546875,6.193873405456543,5.9900383949279785,5.782431125640869,5.575985908508301,5.379892826080322,5.204713821411133,5.060864448547363,4.958793640136719,4.905490875244141,4.90303373336792,4.945908546447754,5.0219502449035645,5.111520290374756,5.212127208709717,5.311393737792969,5.3963704109191895,5.460200786590576,5.494577884674072,5.458659648895264,5.39282751083374,5.310751914978027,5.205287456512451,5.078183174133301,4.940636157989502,4.797150611877441,4.650977611541748,4.506732940673828,4.3690714836120605,4.24100399017334,4.110406398773193,3.9754958152770996,3.8377363681793213
6.658061504364014,6.614983081817627,6.597786903381348,6.598654270172119,6.609505653381348,6.62253475189209,6.62962007522583,6.622930526733398,6.594753265380859,6.5362772941589355,6.437934398651123,6.295373916625977,6.119680404663086,5.922715187072754,5.7134857177734375,5.504940032958984,5.307285308837891,5.131325721740723,4.987736225128174,4.887220859527588,4.8372802734375,4.840415000915527,4.889707565307617,4.972597599029541,5.07351016998291,5.183961868286133,5.292173862457275,5.38553524017334,5.452971458435059,5.482155799865723,5.456879615783691,5.3976006507873535,5.31156587600708,5.203131675720215,5.076613426208496,4.9374098777771,4.790705680847168,4.6412672996521,4.493859767913818,4.35325288772583,4.222525119781494,4.089728355407715,3.952927589416504,3.813204050064087
6.603540897369385,6.561914920806885,6.545047760009766,6.545212268829346,6.554708480834961,6.5658674240112305,6.570939540863037,6.562215328216553,6.531960964202881,6.472483158111572,6.373605251312256,6.23099422454834,6.055424213409424,5.858150959014893,5.650089740753174,5.442143440246582,5.245095252990723,5.069800853729248,4.926877975463867,4.826999664306641,4.777820110321045,4.781870365142822,4.831313133239746,4.913339138031006,5.016112327575684,5.128159523010254,5.236968517303467,5.330979824066162,5.397522926330566,5.424866199493408,5.4054694175720215,5.34767484664917,5.263540744781494,5.157111167907715,5.033074378967285,4.8964314460754395,4.751861095428467,4.604028701782227,4.457469463348389,4.316628932952881,4.184410095214844,4.049032211303711,3.9089133739471436,3.7650747299194336
6.551395893096924,6.511260032653809,6.494294166564941,6.493052005767822,6.500224590301514,6.508525371551514,6.510575294494629,6.499000549316406,6.466445446014404,6.4055938720703125,6.306710243225098,6.165335655212402,5.99185037612915,5.797147274017334,5.5919365882873535,5.386812210083008,5.192229747772217,5.018858909606934,4.876951217651367,4.7769999504089355,4.726735591888428,4.7296833992004395,4.7722039222717285,4.847792148590088,4.94451379776001,5.050162315368652,5.196502208709717,5.399376392364502,5.408347129821777,5.3436479568481445,5.310611248016357,5.252999782562256,5.172665596008301,5.0715203285217285,4.95371675491333,4.823616027832031,4.685431957244873,4.543110370635986,4.400702953338623,4.261972427368164,4.129357814788818,3.9913930892944336,3.8470871448516846,3.697669267654419
6.501987934112549,6.463330268859863,6.445809364318848,6.442517280578613,6.446567535400391,6.451209545135498,6.44937801361084,6.434329032897949,6.399095058441162,6.336814880371094,6.238311290740967,6.099255084991455,5.929466247558594,5.739192485809326,5.53872013092041,5.338221073150635,5.147642612457275,4.977189540863037,4.836645603179932,4.736090183258057,4.68326997756958,4.68139123916626,4.712899684906006,4.929497241973877,5.355143070220947,5.209257125854492,5.405071258544922,5.536935329437256,5.822688102722168,5.288478374481201,5.177518367767334,5.123283386230469,5.048079490661621,4.954334259033203,4.8455023765563965,4.725008010864258,4.596293926239014,4.46246862411499,4.326735019683838,4.192033290863037,4.060080051422119,3.9197895526885986,3.770989179611206,3.6152596473693848
6.455733299255371,6.418375492095947,6.399906158447266,6.393937110900879,6.394274711608887,6.394563674926758,6.388286113739014,6.369283676147461,6.331078052520752,6.267340660095215,6.169559001922607,6.033690929412842,5.868746757507324,5.684378147125244,5.4901556968688965,5.295652866363525,5.11029052734375,4.9435038566589355,4.804605007171631,4.703028202056885,4.645729064941406,4.632853031158447,4.823244094848633,5.290776252746582,5.828751564025879,5.797525405883789,5.723649024963379,5.873935222625732,5.758474826812744,5.2263102531433105,5.019523620605469,4.968294620513916,4.898891925811768,4.813807487487793,4.715588092803955,4.606680393218994,4.489416122436523,4.366086959838867,4.238795280456543,4.10957145690918,3.9792630672454834,3.8370893001556396,3.6839897632598877,3.5219709873199463
6.413022041320801,6.376683712005615,6.356872081756592,6.347803592681885,6.34390926361084,6.339330673217773,6.3282270431518555,6.304934978485107,6.263574600219727,6.198360919952393,6.101658344268799,5.969533443450928,5.810275077819824,5.632778644561768,5.445910930633545,5.258385181427002,5.079089164733887,4.916548252105713,4.779517650604248,4.676589012145996,4.613487720489502,4.598359107971191,5.246434688568115,5.999770164489746,5.85585880279541,6.034794807434082,5.942385196685791,6.016150951385498,5.631033420562744,5.034234523773193,4.847701072692871,4.797830581665039,4.734190464019775,4.658162593841553,4.571193695068359,4.4746856689453125,4.3698811531066895,4.258012771606445,4.140203952789307,4.017379283905029,3.889566421508789,3.7462515830993652,3.589522361755371,3.421903133392334
6.37418270111084,6.3385186195373535,6.3169989585876465,6.304531097412109,6.296060085296631,6.286335468292236,6.2701592445373535,6.2423930168151855,6.19780158996582,6.131152153015137,6.035715579986572,5.907683372497559,5.754632472991943,5.584571361541748,5.405637264251709,5.225742816925049,5.05294132232666,4.895065784454346,4.760076522827148,4.655722618103027,4.586762428283691,4.581636428833008,5.497509479522705,6.209373950958252,5.992746829986572,6.010849475860596,6.083711624145508,5.839999675750732,5.420985698699951,4.759636402130127,4.670382022857666,4.621484279632568,4.56301736831665,4.4956231117248535,4.419567584991455,4.3352131843566895,4.242758750915527,4.142397403717041,4.034272193908691,3.918304920196533,3.7936654090881348,3.650113344192505,3.4908933639526367,3.319037437438965
6.339548587799072,6.304144382476807,6.280628681182861,6.26449728012085,6.251310348510742,6.236358165740967,6.215046405792236,6.18282413482666,6.134995937347412,6.06701135635376,5.972857475280762,5.849064826965332,5.702347755432129,5.539919376373291,5.369048118591309,5.19698429107666,5.03083610534668,4.8777852058410645,4.744958877563477,4.639315128326416,4.564788341522217,4.553366184234619,5.139858722686768,5.688447952270508,5.605491638183594,5.59257173538208,5.662493705749512,5.20082950592041,4.692124366760254,4.540801525115967,4.497768402099609,4.448667526245117,4.394382953643799,4.334395408630371,4.26796817779541,4.194481372833252,4.113213062286377,4.023435115814209,3.9243946075439453,3.8151793479919434,3.694216728210449,3.5514657497406006,3.3913114070892334,3.2172200679779053
6.3094868659973145,6.273853302001953,6.248106956481934,6.228213787078857,6.2102742195129395,6.190199851989746,6.163883209228516,6.127365589141846,6.076443672180176,6.00715970993042,5.9142560958862305,5.794557094573975,5.653965950012207,5.498885154724121,5.33585262298584,5.171344757080078,5.011753082275391,4.863453388214111,4.7328386306762695,4.626189708709717,4.546950340270996,4.507477283477783,4.634282112121582,4.91602087020874,4.739340782165527,4.717873573303223,4.794886589050293,4.468456268310547,4.408392429351807,4.38210916519165,4.338979721069336,4.288722038269043,4.237260341644287,4.1827216148376465,4.12367582321167,4.058738708496094,3.986459493637085,3.905381202697754,3.814049482345581,3.710859775543213,3.593860149383545,3.453111410140991,3.2940096855163574,3.120316982269287
