src/data/earth_wind.json
{"header": { "nx": 67, "ny": 82, "lo1": 123.89819026492098, "la1": 39.35193356760502, "dx": 0.10773935065049045, "dy": -0.08330189123418563, "surface1Type": 100, "surface1Value": 100000.0, "forecastTime": 6, "scanMode": 0, "parameterCategory": 2, "parameterNumber": 2 }, "data":
[rows 0 to 18 of 82, columns 0 to 42 of 67]
-1.409214973449707,-1.3788478374481201,-1.28536057472229,-1.170092225074768,-1.028093695640564,-0.868872880935669,-0.7020939588546753,-0.5375361442565918,-0.3850022554397583,-0.25438278913497925,-0.15562492609024048,-0.09427797049283981,-0.06662695854902267,-0.08839978277683258,-0.09671210497617722,-0.11286511272192001,-0.12840992212295532,-0.14378628134727478,-0.11151323467493057,-0.012253780849277973,0.0685003325343132,0.12443476915359497,0.19749154150485992,0.10783977061510086,0.27404266595840454,0.9588664174079895,1.4709514379501343,1.2303590774536133,0.8177266120910645,0.9674080610275269,1.3973684310913086,1.7168960571289062,1.993099331855774,2.3474152088165283,2.713338851928711,3.0787734985351562,3.431688070297241,3.421461582183838,3.31908917427063,3.459602117538452,3.591254472732544,3.7263360023498535,3.853137493133545
-1.1873828172683716,-1.1540743112564087,-1.0390853881835938,-0.9097036719322205,-0.7753630876541138,-0.6279394030570984,-0.47606030106544495,-0.3283485174179077,-0.19361835718154907,-0.08075417578220367,0.0013062858488410711,0.046085502952337265,0.05562092736363411,0.03842640668153763,0.003928561229258776,-0.038494374603033066,-0.07946959137916565,-0.1264677494764328,-0.14578033983707428,-0.047222547233104706,0.06881449371576309,0.11856899410486221,0.16771602630615234,0.17797522246837616,0.492092490196228,1.062755823135376,1.2536427974700928,1.0137128829956055,0.7524116039276123,0.8779412508010864,1.318580150604248,1.7184232473373413,1.9782367944717407,2.279435873031616,2.645966053009033,3.0058932304382324,3.344386577606201,3.2926316261291504,3.1444003582000732,3.265246868133545,3.3694629669189453,3.4467427730560303,3.498945951461792
-0.9843280911445618,-0.9410803318023682,-0.8257958889007568,-0.6833013892173767,-0.5484873652458191,-0.4158470332622528,-0.2814978063106537,-0.15290024876594543,-0.037640608847141266,0.056629423052072525,0.12203062325716019,0.15133298933506012,0.14495061337947845,0.11117971688508987,0.059795577079057693,0.0005712335696443915,-0.05672704800963402,-0.10488877445459366,-0.1377842128276825,-0.12244848906993866,-0.025747936218976974,0.06616511195898056,0.10255894064903259,0.4046475291252136,0.9407379627227783,1.2091296911239624,0.9658583402633667,0.673785388469696,0.6668470501899719,0.8361830711364746,1.1775931119918823,1.6794300079345703,1.9923889636993408,2.2070040702819824,2.5705504417419434,2.9222426414489746,3.24504017829895,3.1570539474487305,2.9703152179718018,3.0802524089813232,3.158670663833618,3.1779849529266357,3.166083812713623
-0.7914039492607117,-0.7443979382514954,-0.6565137505531311,-0.537499725818634,-0.3985629379749298,-0.25877490639686584,-0.13442787528038025,-0.024770114570856094,0.07080861181020737,0.14575941860675812,0.19486306607723236,0.21034200489521027,0.19101326167583466,0.14474080502986908,0.07972497493028641,0.010725392960011959,-0.05733766406774521,-0.11297567188739777,-0.14812210202217102,-0.14750134944915771,-0.07059487700462341,-0.009368672966957092,0.22944830358028412,0.7191283106803894,1.2098228931427002,1.5616527795791626,1.349298119544983,0.842921793460846,0.6785370111465454,1.0444692373275757,1.7389999628067017,1.8147329092025757,1.8556039333343506,2.256164312362671,2.44502592086792,2.7661352157592773,2.7912676334381104,2.694676637649536,2.819328546524048,2.921348810195923,2.9616196155548096,2.9340920448303223,2.872178077697754
-0.6185183525085449,-0.573695957660675,-0.5105233192443848,-0.433244913816452,-0.3458622992038727,-0.2521977722644806,-0.15655475854873657,-0.06371048837900162,0.019821850582957268,0.08839065581560135,0.15416377782821655,0.1993916630744934,0.18186986446380615,0.1366872787475586,0.08129915595054626,-0.009001463651657104,-0.08700613677501678,-0.1459985226392746,-0.1823616474866867,-0.18649046123027802,-0.12330451607704163,-0.06260878592729568,0.1508876383304596,0.5796149969100952,1.0374184846878052,1.4026002883911133,1.1896532773971558,0.7615370750427246,0.7551162242889404,1.5095325708389282,2.639308214187622,3.048022747039795,2.4811959266662598,2.025174617767334,2.302433490753174,2.691842555999756,2.670773506164551,2.5515756607055664,2.6755692958831787,2.772277593612671,2.7863597869873047,2.7287418842315674,2.6343209743499756
-0.45662930607795715,-0.41849327087402344,-0.3740449547767639,-0.32522884011268616,-0.27342408895492554,-0.2203012853860855,-0.1678488701581955,-0.11832945793867111,-0.07425635308027267,-0.0382845439016819,0.0008086863672360778,0.0337349995970726,-0.05648703873157501,-0.22788715362548828,-0.12542842328548431,-0.05192796140909195,-0.15325433015823364,-0.20739197731018066,-0.23919571936130524,-0.2422550916671753,-0.20084097981452942,-0.12011754512786865,-0.05072818696498871,0.3478440046310425,0.8396416902542114,0.8860588669776917,0.6548783779144287,0.5802430510520935,1.0070849657058716,1.9171589612960815,3.0096957683563232,3.6384549140930176,2.9402480125427246,1.9868296384811401,2.609147787094116,3.7168991565704346,3.5009071826934814,2.709416151046753,2.4874050617218018,2.506943464279175,2.473189115524292,2.3965513706207275,2.287893772125244
-0.291843444108963,-0.26494458317756653,-0.24188901484012604,-0.22342237830162048,-0.20823632180690765,-0.19528597593307495,-0.1839020848274231,-0.17371873557567596,-0.16463159024715424,-0.1567235291004181,-0.13806530833244324,-0.13600440323352814,-0.2871584892272949,-0.47349467873573303,-0.29421502351760864,-0.16661633551120758,-0.26565662026405334,-0.3052866756916046,-0.3053632080554962,-0.24616165459156036,-0.1602964848279953,-0.07083118706941605,0.3533135950565338,0.8968906402587891,1.005704641342163,0.6474266052246094,0.4373602569103241,0.674299418926239,0.9716436862945557,1.495595097541809,2.5996153354644775,3.5838630199432373,3.368414878845215,2.9147017002105713,3.881850004196167,5.259984970092773,5.079807281494141,3.888566255569458,2.9981985092163086,2.5099940299987793,2.2886433601379395,2.212251663208008,2.107133388519287
-0.129248708486557,-0.11793891340494156,-0.12170268595218658,-0.14025014638900757,-0.1691238433122635,-0.20409941673278809,-0.24135613441467285,-0.2773873507976532,-0.309043288230896,-0.33329957723617554,-0.3374505341053009,-0.32943540811538696,-0.4013670086860657,-0.48819342255592346,-0.42756029963493347,-0.3855374753475189,-0.4163452386856079,-0.43342649936676025,-0.3532993793487549,-0.18050356209278107,0.06400730460882187,0.7860509753227234,1.3773295879364014,1.2662869691848755,1.0069204568862915,0.6566588282585144,0.5106971859931946,0.8101929426193237,0.97455233335495,1.1316810846328735,2.0791890621185303,3.3001277446746826,3.938333034515381,4.25841760635376,4.731725215911865,5.439041614532471,6.1676201820373535,6.5196919441223145,6.056103229522705,4.578405380249023,2.8441081047058105,2.0400075912475586,1.938840627670288
0.02819102071225643,0.020468946546316147,-0.014497919008135796,-0.07520543783903122,-0.1537281721830368,-0.24238307774066925,-0.33388054370880127,-0.42122969031333923,-0.4983925223350525,-0.5582985877990723,-0.5880535840988159,-0.5868334770202637,-0.6007446646690369,-0.6138425469398499,-0.59755539894104,-0.5932863354682922,-0.5954005122184753,-0.5838618874549866,-0.48159658908843994,-0.267343133687973,0.049093883484601974,0.4465455710887909,0.6893158555030823,0.552278995513916,0.28398287296295166,0.2613676190376282,0.5417609214782715,0.9372539520263672,0.991661012172699,0.9166161417961121,1.5723416805267334,2.7920377254486084,3.988399028778076,4.718050479888916,4.6946258544921875,4.823554515838623,5.87396240234375,7.036488056182861,7.741311073303223,7.3140974044799805,4.713501453399658,2.317798614501953,1.7814439535140991
0.1778831034898758,0.1485394984483719,0.0794038400053978,-0.02674131467938423,-0.15833593904972076,-0.30401918292045593,-0.4529707431793213,-0.5962044596672058,-0.726409912109375,-0.8253618478775024,-0.8826420903205872,-0.9580835700035095,-0.5303782224655151,-0.06259785592556,-0.5056320428848267,-0.8716394901275635,-0.7930088639259338,-0.6388846039772034,-0.339121550321579,-0.0202327948063612,0.2925944924354553,0.6058145761489868,0.6594228148460388,0.28197047114372253,0.07659253478050232,0.25397834181785583,0.6745983958244324,0.964012086391449,1.0326775312423706,1.1186094284057617,1.3910884857177734,2.273059844970703,3.5296051502227783,4.483089923858643,4.570414066314697,4.2189435958862305,4.6308698654174805,5.8813700675964355,7.068005561828613,7.520655632019043,6.038764953613281,3.221229076385498,1.7256908416748047
0.3174092769622803,0.2647759020328522,0.15989333391189575,0.006942110136151314,-0.17888957262039185,-0.38263455033302307,-0.5898298621177673,-0.7880301475524902,-0.9658786058425903,-1.1040645837783813,-1.218187689781189,-0.5075324177742004,0.8227044939994812,1.2577393054962158,0.4148513078689575,-0.6598705053329468,-0.999350368976593,-0.6716495156288147,-0.04217483848333359,0.49101927876472473,0.8008245229721069,1.0906236171722412,1.1727218627929688,0.5861345529556274,0.11121521145105362,0.2912769019603729,0.6823725700378418,0.8208075165748596,0.9865680932998657,1.1446493864059448,1.2745133638381958,1.9458626508712769,2.9466869831085205,3.818563938140869,3.8882381916046143,3.510266065597534,3.529324769973755,4.421326160430908,6.044778823852539,7.072837829589844,6.52167272567749,4.106927871704102,1.9216556549072266
0.4445957541465759,0.3679845929145813,0.227278932929039,0.02803841419517994,-0.21106427907943726,-0.47151505947113037,-0.7351958751678467,-0.9843750596046448,-1.2057119607925415,-1.4016475677490234,-0.7767260670661926,0.43981021642684937,1.2002763748168945,0.9870299100875854,-0.4336273670196533,-1.3190560340881348,-1.2047357559204102,-0.9214858412742615,-0.351487934589386,0.1381981074810028,0.322343111038208,0.5177048444747925,0.7251200079917908,0.41255155205726624,0.08426504582166672,0.23943215608596802,0.4754836857318878,0.6653000116348267,0.8011071085929871,1.0052064657211304,1.2722505331039429,1.6773858070373535,2.262322187423706,2.7103970050811768,2.7612903118133545,2.655582904815674,2.927088975906372,4.122332572937012,5.9565043449401855,6.7859344482421875,6.270723342895508,4.514598846435547,2.279271364212036
0.5574342012405396,0.4572001099586487,0.28205621242523193,0.03903438150882721,-0.24997717142105103,-0.5633259415626526,-0.8796889781951904,-1.177183985710144,-1.4214251041412354,-0.8267903327941895,0.25278428196907043,0.5819618701934814,0.39802172780036926,-0.11029656231403351,-1.023848295211792,-1.5524262189865112,-1.3289048671722412,-0.8874922394752502,-0.4394168555736542,-0.19103138148784637,0.0032505395356565714,0.2430320382118225,0.29253095388412476,0.06389512866735458,-0.00047415957669727504,0.20950351655483246,0.43134552240371704,0.6333635449409485,0.8028450608253479,0.9395046234130859,1.0854525566101074,1.335138201713562,1.6643720865249634,1.9395530223846436,2.1341025829315186,2.412693738937378,3.061833381652832,4.506319999694824,6.207284450531006,6.872525215148926,6.420634746551514,4.987473964691162,2.850646495819092
0.65421462059021,0.5317645072937012,0.32521727681159973,0.04299546405673027,-0.29029878973960876,-0.6503790616989136,-1.0132113695144653,-1.3565315008163452,-1.6203242540359497,-0.9725804924964905,0.08863049745559692,0.1688883900642395,-0.05058993399143219,0.1229579746723175,0.43776819109916687,0.3588842451572418,0.026508217677474022,-0.1413891464471817,0.0035947333090007305,0.4033682346343994,0.7693314552307129,0.7285904288291931,0.18275997042655945,-0.17667154967784882,-0.03585787117481232,0.21007031202316284,0.4495656192302704,0.6531142592430115,0.8161538243293762,0.9469558000564575,1.0398539304733276,1.0852733850479126,1.2209641933441162,1.689366102218628,2.416919469833374,3.129469871520996,3.809394598007202,4.441054344177246,5.0056281089782715,5.368580341339111,5.576383590698242,5.500568389892578,4.140290260314941
0.7333797812461853,0.5912996530532837,0.3579980134963989,0.04314697906374931,-0.32665935158729553,-0.7247901558876038,-1.1185635328292847,-1.4820048809051514,-1.7690984010696411,-1.9469050168991089,-1.0531501770019531,-0.15138238668441772,-0.20688946545124054,0.001896076020784676,0.7975992560386658,1.6080429553985596,1.6134653091430664,1.0865333080291748,0.9957841634750366,1.3887428045272827,1.383933186531067,0.6412383913993835,-0.1153467670083046,-0.23182760179042816,0.08213482052087784,0.725578248500824,1.191955327987671,0.9966152906417847,0.8605096340179443,0.9762616753578186,1.056617259979248,1.3084006309509277,1.709503412246704,2.4183311462402344,3.0872883796691895,3.063586711883545,2.8324973583221436,2.651602268218994,2.658212184906006,3.24259614944458,4.279049873352051,5.286136150360107,5.223539352416992
0.7935997843742371,0.6356686353683472,0.3819584548473358,0.04308400675654411,-0.3529517352581024,-0.778037965297699,-1.182324767112732,-1.5316073894500732,-1.8197884559631348,-2.0305099487304688,-2.1239752769470215,-2.1724331378936768,-2.192228317260742,-1.5521559715270996,-0.481057733297348,0.44683149456977844,1.2644376754760742,1.5231187343597412,1.3200236558914185,1.014465093612671,0.6213874220848083,0.13919539749622345,-0.2175331711769104,-0.09749007225036621,0.7990050911903381,1.768688678741455,1.7866766452789307,1.1557316780090332,0.8859826326370239,0.9961670637130737,1.1256953477859497,1.6792759895324707,2.467838764190674,3.3072383403778076,3.4004604816436768,2.1941041946411133,1.2417372465133667,1.0628230571746826,1.10410475730896,1.5796695947647095,2.8824398517608643,4.646195888519287,5.475793361663818
0.8336692452430725,0.6649124026298523,0.39891570806503296,0.04684370011091232,-0.36292314529418945,-0.7991939187049866,-1.2228623628616333,-1.6133019924163818,-1.9552103281021118,-2.21803879737854,-2.37811017036438,-2.436091184616089,-2.3607289791107178,-1.53380286693573,-0.746448814868927,-1.2573531866073608,-1.0944591760635376,-0.3209838271141052,-0.7093849182128906,-0.9625555872917175,-0.5943291187286377,-0.3494875133037567,-0.24082942306995392,0.0014491701731458306,0.785338819026947,1.4730404615402222,1.3208833932876587,0.9337788224220276,0.9250167608261108,1.034341812133789,1.0813509225845337,1.4290616512298584,2.343369960784912,3.430286169052124,3.331434726715088,1.7714787721633911,0.6854049563407898,0.5353111624717712,0.5027074217796326,1.0283783674240112,2.232821464538574,3.704335927963257,4.685561180114746
0.8499952554702759,0.6762399673461914,0.40777942538261414,0.05573735013604164,-0.3522907495498657,-0.781896710395813,-1.2050347328186035,-1.6162692308425903,-1.9855217933654785,-2.264059066772461,-2.4201793670654297,-2.4345788955688477,-2.2841250896453857,-1.418205976486206,-1.229725956916809,-1.8280011415481567,-1.80601167678833,-1.6572084426879883,-1.4228581190109253,-1.2048301696777344,-0.9988539814949036,-0.7716490626335144,-0.5119550824165344,-0.23833002150058746,0.07436247915029526,0.3469080924987793,0.5619370341300964,0.7722653746604919,1.071367859840393,1.4705555438995361,1.5616493225097656,1.6283113956451416,2.272878885269165,3.0347392559051514,2.6549997329711914,1.2811299562454224,0.5282487869262695,0.4586731195449829,0.879490077495575,2.0094125270843506,3.245469093322754,4.001583099365234,4.394966125488281
0.8402498364448547,0.6660375595092773,0.40418288111686707,0.06494753807783127,-0.32615506649017334,-0.7385554909706116,-1.143017292022705,-1.5275572538375854,-1.8743822574615479,-2.141162872314453,-2.2909014225006104,-2.322345018386841,-2.2576489448547363,-2.141772747039795,-2.0082695484161377,-1.8828119039535522,-1.7664141654968262,-1.6044715642929077,-1.3863563537597656,-1.179909586906433,-0.9776373505592346,-0.7518782019615173,-0.49540644884109497,-0.2211751788854599,0.05786953121423721,0.32877910137176514,0.5785936713218689,0.794337272644043,1.2335764169692993,1.6921528577804565,1.8059343099594116,2.029452085494995,2.3141324520111084,2.167982339859009,1.3239550590515137,0.6116068363189697,0.4872693121433258,0.756392240524292,1.2925149202346802,1.9309543371200562,3.073993682861328,4.208827018737793,4.889365196228027
