src/data/earth_wind.json
{"header": { "nx": 67, "ny": 82, "lo1": 123.89819026492098, "la1": 39.35193356760502, "dx": 0.10773935065049045, "dy": -0.08330189123418563, "surface1Type": 100, "surface1Value": 100000.0, "forecastTime": 6, "scanMode": 0, "parameterCategory": 2, "parameterNumber": 3 }, "data":
[rows 0 to 18 of 82, columns 0 to 43 of 67]
4.242424488067627,4.399096965789795,4.264994144439697,4.280307769775391,4.284226417541504,4.274178504943848,4.247987747192383,4.20347785949707,4.138748645782471,4.051889419555664,3.9412124156951904,3.7967751026153564,3.605926752090454,4.313366889953613,3.890019178390503,3.445427894592285,3.002612590789795,2.7313649654388428,2.402184009552002,1.927474021911621,1.7111128568649292,1.6039505004882812,1.4886935949325562,2.4484987258911133,1.7488893270492554,2.3277711868286133,3.1832234859466553,2.048110246658325,1.160640835762024,0.9097788333892822,1.1031029224395752,1.3298797607421875,1.4093120098114014,1.4981107711791992,1.606806755065918,1.7368217706680298,1.889219880104065,1.401711106300354,1.5373183488845825,1.7294431924819946,1.9917058944702148,2.307770013809204,2.654503583908081,3.0087380409240723
4.717037200927734,4.870355129241943,4.663776874542236,4.6496968269348145,4.671435832977295,4.681942462921143,4.677031993865967,4.652451038360596,4.604191780090332,4.528202533721924,4.420773506164551,4.270132064819336,4.065157890319824,3.8189897537231445,3.54557204246521,3.2588016986846924,2.972263813018799,3.109438896179199,3.0876080989837646,2.25183367729187,1.882555603981018,1.7816884517669678,1.730758547782898,1.7509924173355103,2.5327415466308594,2.9158432483673096,2.9826972484588623,2.027467727661133,1.4567046165466309,1.097409725189209,1.2202638387680054,1.5010219812393188,1.6543654203414917,1.7455217838287354,1.8596677780151367,1.9878016710281372,2.1277053356170654,1.5731183290481567,1.6735813617706299,1.8331375122070312,2.0396206378936768,2.2759666442871094,2.527033805847168,2.7832717895507812
5.231561183929443,5.328903675079346,5.162966251373291,5.067211151123047,5.03253698348999,5.059450626373291,5.071478843688965,5.062636852264404,5.0270676612854,4.958949089050293,4.8526716232299805,4.694860935211182,4.475616455078125,4.2098894119262695,3.913115978240967,3.600912570953369,3.288430690765381,3.1576688289642334,3.198605537414551,2.502659797668457,2.102405309677124,2.02235746383667,2.0225625038146973,2.512643814086914,3.951904535293579,3.5394248962402344,2.9981656074523926,1.893283486366272,1.6734108924865723,1.4040544033050537,1.6569339036941528,1.6967779397964478,1.884843349456787,1.960957646369934,2.0790021419525146,2.204695701599121,2.3330044746398926,1.725144386291504,1.7947489023208618,1.9477641582489014,2.090158700942993,2.248180627822876,2.4149043560028076,2.585491418838501
5.7073516845703125,5.760059833526611,5.700943470001221,5.627904891967773,5.569540023803711,5.5636820793151855,5.529454231262207,5.459807395935059,5.390506744384766,5.326310634613037,5.218522071838379,5.052415370941162,4.819015026092529,4.534702777862549,4.282922267913818,3.880944013595581,3.545006036758423,3.2253928184509277,3.032158136367798,2.701930046081543,2.4088973999023438,2.2594106197357178,2.9677021503448486,3.41164231300354,4.547561168670654,4.010021209716797,3.4407405853271484,2.080404043197632,1.9059258699417114,1.8678542375564575,2.79164719581604,2.760272264480591,1.9801265001296997,2.1598899364471436,2.1722350120544434,2.118652105331421,2.4578499794006348,1.8518671989440918,1.894477367401123,2.048532485961914,2.134999990463257,2.2292497158050537,2.327470302581787,2.4295895099639893
6.11159086227417,6.133828639984131,6.150571823120117,6.179684638977051,6.204447269439697,6.210073471069336,6.183656692504883,6.115010738372803,6.037498950958252,5.954285144805908,5.81596565246582,5.411630630493164,5.138052940368652,5.414856910705566,4.787604808807373,4.082645893096924,3.7264609336853027,3.387925624847412,3.0848052501678467,2.834916353225708,2.6514525413513184,2.408686876296997,3.252941608428955,3.6276333332061768,4.359734535217285,4.5384674072265625,3.7389118671417236,2.249504566192627,2.1208386421203613,2.6721761226654053,3.704221487045288,4.152960777282715,2.666912078857422,2.203718423843384,2.0831151008605957,2.717965602874756,2.6515493392944336,1.9413766860961914,1.9667032957077026,2.059558391571045,2.118826150894165,2.184474468231201,2.246652364730835,2.31325364112854
6.42383337020874,6.429149150848389,6.473689079284668,6.540848255157471,6.615110874176025,6.681652545928955,6.726672649383545,6.737003803253174,6.700734615325928,6.606502056121826,6.443942070007324,5.815978527069092,5.7939019203186035,6.8249711990356445,5.26387357711792,4.192581653594971,3.818253755569458,3.463594913482666,3.146705150604248,3.030694007873535,3.1304962635040283,2.7485034465789795,3.2261223793029785,3.7782514095306396,4.277026176452637,4.302265167236328,3.125183582305908,2.364323139190674,2.41925311088562,3.101590156555176,4.071591854095459,4.822794437408447,3.7081024646759033,2.1022794246673584,2.531580924987793,4.1447930335998535,3.4939754009246826,2.356708288192749,2.114994764328003,2.0623795986175537,2.0823376178741455,2.1330854892730713,2.1833572387695312,2.2402052879333496
6.6747965812683105,6.666683197021484,6.704561710357666,6.767251491546631,6.839353084564209,6.905892372131348,6.952621936798096,6.965641975402832,6.932021141052246,6.838632106781006,6.673364162445068,6.051972389221191,6.309110164642334,7.433393955230713,5.606811046600342,4.209566593170166,3.817890167236328,3.448188066482544,3.148926019668579,3.5655839443206787,4.116147994995117,4.520778179168701,4.204671859741211,4.325567245483398,4.445677280426025,3.378580331802368,2.8701746463775635,2.372032642364502,2.775371789932251,2.591435670852661,3.985792875289917,4.927632808685303,4.256293296813965,2.6959471702575684,3.6706855297088623,4.977269649505615,4.686691761016846,3.7413530349731445,3.2234673500061035,2.820945978164673,2.1378815174102783,2.125797986984253,2.1708033084869385,2.2246549129486084
6.896629333496094,6.872282028198242,6.891904830932617,6.935443878173828,6.9877424240112305,7.034039497375488,7.060580730438232,7.052791118621826,6.998852252960205,6.885415554046631,6.700899600982666,6.091538906097412,6.091762065887451,6.583796977996826,5.200943470001221,4.146742343902588,3.7387773990631104,3.3542978763580322,3.2074875831604004,3.956239700317383,4.769954204559326,6.6054511070251465,5.046869277954102,4.346290111541748,3.8882734775543213,2.634141206741333,3.381405830383301,2.639432191848755,2.9407832622528076,2.243290662765503,3.365574359893799,4.62332820892334,4.629108905792236,4.162774562835693,4.476716995239258,4.874081134796143,5.296508312225342,5.284145832061768,5.159158229827881,4.566081523895264,2.7967498302459717,2.1441049575805664,2.195392608642578,2.2555878162384033
7.097573757171631,7.054244518280029,7.051388740539551,7.07041072845459,7.096766471862793,7.1162638664245605,7.11609411239624,7.083380699157715,7.023359775543213,6.903269290924072,6.671875476837158,6.15548038482666,6.3279547691345215,6.48145866394043,5.140340805053711,4.023544788360596,3.5984976291656494,3.199885129928589,3.4132485389709473,4.050617218017578,4.879287242889404,6.850058555603027,6.171420097351074,4.033452033996582,2.594773769378662,2.0825624465942383,2.8802850246429443,3.0541768074035645,2.616516590118408,2.346644401550293,2.770899772644043,4.008396625518799,4.705711841583252,5.156841278076172,4.680263519287109,4.387962341308594,5.053009986877441,5.655362606048584,6.1349616050720215,6.04657506942749,4.134021282196045,2.3002355098724365,2.2327685356140137,2.3082499504089355
7.280350208282471,7.2161760330200195,7.187853813171387,7.178452491760254,7.174309730529785,7.1621294021606445,7.129756927490234,7.075782775878906,7.042762756347656,6.899199962615967,6.656857490539551,6.612414360046387,7.316439628601074,8.048561096191406,6.188624858856201,3.8817026615142822,3.414630651473999,3.063898801803589,3.977745294570923,4.728573322296143,5.279432773590088,6.515249252319336,6.832179546356201,3.915113687515259,1.8129603862762451,1.8694392442703247,2.5131359100341797,2.962775468826294,2.415292978286743,2.433366298675537,2.4000024795532227,3.2867488861083984,4.359154224395752,5.0824127197265625,4.584425449371338,4.06060266494751,4.3793511390686035,4.9378790855407715,5.7382097244262695,6.411772727966309,5.266767978668213,2.985262870788574,2.2751364707946777,2.3734254837036133
7.447624206542969,7.361837863922119,7.3062543869018555,7.265945911407471,7.228363513946533,7.181346893310547,7.113554000854492,7.031085968017578,7.013794898986816,6.92036771774292,7.098544120788574,7.208826065063477,8.652339935302734,9.538482666015625,6.726908206939697,3.6972665786743164,3.204802989959717,2.8451220989227295,4.383897304534912,5.328787803649902,5.433568954467773,6.010315418243408,6.26468563079834,3.898751735687256,1.601614236831665,1.700381875038147,2.5839784145355225,2.3886969089508057,2.2305991649627686,2.224461793899536,2.252122163772583,2.810997486114502,3.8200104236602783,4.4018144607543945,4.206207275390625,3.6627016067504883,3.7083053588867188,4.232615947723389,5.0440897941589355,6.085437774658203,5.574573516845703,3.794522762298584,2.3868231773376465,2.4421918392181396
7.602169036865234,7.4949493408203125,7.411595821380615,7.339348316192627,7.266902923583984,7.183509826660156,7.0794677734375,6.951317310333252,6.893764019012451,7.369810581207275,7.63136100769043,7.924096584320068,9.191805839538574,9.191104888916016,6.108521938323975,3.4553282260894775,2.9865283966064453,2.687631130218506,4.03014612197876,4.658444404602051,4.4470906257629395,4.646329879760742,4.90127420425415,3.3195817470550537,1.4142394065856934,1.5077093839645386,2.0177009105682373,1.8612319231033325,1.8261997699737549,1.906784176826477,2.0836379528045654,2.4662811756134033,3.186138868331909,3.5676534175872803,3.506448984146118,3.1803932189941406,3.293848991394043,4.074575424194336,4.798191070556641,5.692518711090088,5.186222076416016,4.08268404006958,2.7753355503082275,2.594064474105835
7.746764183044434,7.619197845458984,7.508847713470459,7.405030727386475,7.297898769378662,7.178900241851807,7.037866592407227,6.866405487060547,6.72790002822876,8.103011131286621,8.07066822052002,8.391884803771973,8.199810028076172,7.598226547241211,5.857555389404297,4.135519027709961,3.460561990737915,3.1708054542541504,3.6810250282287598,3.8679616451263428,3.8379335403442383,3.8150486946105957,3.4156155586242676,1.9267741441726685,1.205582618713379,1.317056655883789,1.5143855810165405,1.6135562658309937,1.6859662532806396,1.7414605617523193,1.837759017944336,2.0689704418182373,2.4513661861419678,2.8419597148895264,3.014498233795166,3.1171584129333496,3.4469077587127686,3.9086344242095947,4.616213321685791,5.0300445556640625,4.565160751342773,4.130030632019043,3.291238307952881,2.644835948944092
7.88399076461792,7.738260746002197,7.602919578552246,7.469299793243408,7.329189300537109,7.17615270614624,7.000193119049072,6.846631050109863,6.707618713378906,8.220870971679688,8.17338752746582,8.058878898620605,7.196496486663818,6.849781036376953,6.727743625640869,6.194890975952148,5.25006628036499,4.3273091316223145,4.055935382843018,4.408995628356934,4.636671543121338,3.82365083694458,2.359907388687134,1.1453251838684082,1.0604411363601685,1.236378788948059,1.4969581365585327,1.494402527809143,1.5570008754730225,1.6082602739334106,1.667569637298584,1.807289958000183,2.0714762210845947,2.6453795433044434,3.306267261505127,3.430117607116699,3.669238328933716,3.6656832695007324,3.8187038898468018,3.9883952140808105,3.910536527633667,4.021326541900635,3.6116690635681152,2.7959961891174316
8.016380310058594,7.855756759643555,7.698620796203613,7.538398742675781,7.3684611320495605,7.182929515838623,6.978625774383545,6.9864397048950195,7.027024269104004,7.84575891494751,7.552530288696289,7.452448844909668,6.631185054779053,6.309844970703125,6.766931533813477,7.350719928741455,6.896199703216553,5.647963523864746,4.8936614990234375,5.204925537109375,5.043959617614746,3.3407797813415527,1.5493049621582031,1.0259004831314087,1.134749174118042,2.2522661685943604,2.352869749069214,1.5847423076629639,1.4628256559371948,1.502257227897644,1.568406343460083,1.925058364868164,2.205963373184204,3.375164747238159,3.7539234161376953,3.307896137237549,3.093903064727783,3.0607516765594482,2.7767977714538574,3.03725266456604,3.272759199142456,3.6650636196136475,4.0308427810668945,3.0974745750427246
8.146519660949707,7.975203990936279,7.800750732421875,7.618479251861572,7.4232497215271,7.209839344024658,6.993546009063721,7.132236003875732,7.244549751281738,7.376194000244141,7.246611595153809,7.053739070892334,6.235597133636475,6.036267280578613,5.884912014007568,6.197623252868652,6.338647842407227,5.859896183013916,4.821983337402344,4.322912693023682,3.7305920124053955,2.4309921264648438,1.29392671585083,0.9418599009513855,1.6644620895385742,3.531609296798706,3.0104899406433105,1.54680597782135,1.3869853019714355,1.421297550201416,1.4825994968414307,1.9114199876785278,2.5340824127197266,4.028552532196045,3.9103338718414307,2.674685478210449,2.028022527694702,2.1495606899261475,1.993058681488037,2.312460422515869,2.750798463821411,3.2354705333709717,4.208669662475586,3.117201805114746
8.276167869567871,8.09946060180664,7.913599491119385,7.715353488922119,7.5009074211120605,7.2668070793151855,7.069504261016846,7.084499359130859,6.930039882659912,6.6975321769714355,6.7360992431640625,6.389814853668213,5.886350154876709,6.387259483337402,5.508434772491455,4.8564133644104,4.292436599731445,4.144490718841553,3.1213529109954834,2.288372278213501,1.9663550853729248,1.6497193574905396,1.1282696723937988,0.9224339723587036,1.7843087911605835,3.0909223556518555,2.275163412094116,1.314558982849121,1.3379578590393066,1.5029001235961914,1.5813051462173462,1.5929386615753174,2.717477798461914,4.060753345489502,3.7896921634674072,2.0701956748962402,1.4909145832061768,1.6818854808807373,1.6344947814941406,2.0101089477539062,2.5195024013519287,2.914323568344116,3.500840902328491,2.9470417499542236
8.40594482421875,8.230056762695312,8.03923225402832,7.831314563751221,7.603968620300293,7.355597019195557,7.177164077758789,7.017812252044678,6.598553657531738,6.2401018142700195,6.019120693206787,5.660428047180176,5.609499931335449,6.284464359283447,5.533489227294922,4.393460273742676,2.9718074798583984,2.4841248989105225,1.8490121364593506,1.3684613704681396,1.2446357011795044,1.1961314678192139,0.9742284417152405,0.973919153213501,1.2673652172088623,1.741313099861145,1.4093161821365356,1.2408039569854736,1.40252685546875,1.9220566749572754,1.9707350730895996,1.681875467300415,2.7705650329589844,3.995483636856079,3.2500948905944824,1.5912233591079712,1.4115411043167114,1.5507657527923584,1.7479606866836548,2.0558204650878906,2.5445029735565186,2.754154920578003,2.8303449153900146,3.213550567626953
8.53586196899414,8.366744995117188,8.176220893859863,7.9633049964904785,7.7275261878967285,7.468726634979248,7.263300895690918,7.050079822540283,6.607574939727783,6.20994758605957,5.937088489532471,5.55033016204834,5.405337333679199,5.436010360717773,4.937872886657715,3.9766857624053955,2.7234323024749756,2.2341606616973877,1.8641040325164795,1.5647554397583008,1.3507270812988281,1.2107187509536743,1.1313681602478027,1.1009726524353027,1.1078038215637207,1.1401078701019287,1.1862183809280396,1.234502911567688,1.7107653617858887,2.294224262237549,2.153893232345581,2.158518075942993,2.839949131011963,3.277043581008911,2.147244691848755,1.3184356689453125,1.3438003063201904,1.5141513347625732,1.7793569564819336,1.9219560623168945,2.3298635482788086,2.6468563079833984,3.126988172531128,3.593803882598877
